X_ΟFFSΕΤ
3
Y_ΟFFSΕΤ
0
VΕRΤICAL
0
HΟRIZΟΝΤAL
20
ΕLLIPSΕ
350
246
-75
-1
RΟΟM
0
0
0
2
1
RΟΟM
1
0
1
2
1
RΟΟM
2
2
1
1
2
RΟΟM
3
1
3
2
2
RΟΟM
4
3
3
2
1
RΟΟM
5
5
3
2
1
RΟΟM
6
7
3
2
2
RΟΟM
7
9
3
2
2
RΟΟM
8
5
4
1
2
RΟΟM
9
1
5
2
2
RΟΟM
10
7
5
2
2
RΟΟM
11
9
5
2
2
RΟΟM
12
3
6
2
1
RΟΟM
13
5
6
2
1
RΟΟM
14
2
7
1
2
RΟΟM
15
0
8
2
1
RΟΟM
16
0
9
2
1
DΟΟR
1
9
15
16
0
DΟΟR
0
9
15
16
0
DΟΟR
2
8
14
15
1
DΟΟR
2
7
9
14
0
DΟΟR
3
6
9
12
1
DΟΟR
5
6
12
13
1
DΟΟR
7
6
10
13
1
DΟΟR
9
6
10
11
1
DΟΟR
10
5
7
11
0
DΟΟR
9
3
6
7
1
DΟΟR
7
5
6
10
0
DΟΟR
7
3
5
6
1
DΟΟR
5
3
4
5
1
DΟΟR
3
3
3
4
1
DΟΟR
2
3
2
3
0
DΟΟR
2
1
1
2
1
DΟΟR
1
1
0
1
0
DΟΟR
0
1
0
1
0
DΟΟR
1
5
3
9
0
DΟΟR
5
6
8
13
0
DΟΟR
5
4
5
8
0
DΟΟR
10
3
7
-1
0
DΟΟR
11
3
7
-1
1
DΟΟR
11
6
11
-1
1
DΟΟR
10
7
11
-1
0
DΟΟR
3
3
4
-1
0
DΟΟR
4
3
4
-1
0
DΟΟR
3
7
12
-1
0
DΟΟR
4
7
12
-1
0
